date, viewers, followers, views, 
16:26:01, 8745, 18523, 5900359, 
16:27:01, 8805, 18523, 5900359, 
16:28:01, 8819, 18523, 5900359, 
16:29:01, 8892, 18523, 5900359, 
16:30:01, 8892, 18523, 5900359, 
16:31:01, 8918, 18523, 5900359, 
16:32:01, 8924, 18523, 5900359, 
16:33:01, 8879, 18523, 5900359, 
16:34:01, 8872, 18523, 5900359, 
16:35:01, 8879, 18523, 5900359, 
16:36:01, 8910, 18523, 5900359, 
16:37:01, 8884, 18523, 5900359, 
16:38:01, 8876, 18523, 5900359, 
16:39:01, 8858, 18523, 5900359, 
16:40:01, 8869, 18523, 5900359, 
16:41:01, 8892, 18523, 5900359, 
16:42:01, 8951, 18523, 5900359, 
16:43:01, 8987, 18523, 5900359, 
16:44:01, 9058, 18523, 5900359, 
16:45:01, 9117, 18523, 5900359, 
16:46:01, 9144, 18523, 5900359, 
16:47:01, 9147, 18523, 5900359, 
16:48:01, 9147, 18523, 5900359, 
16:49:01, 9265, 18523, 5900359, 
16:50:01, 9325, 18523, 5900359, 
16:51:01, 9353, 18523, 5900359, 
16:52:01, 9353, 18523, 5900359, 
16:53:01, 9315, 18523, 5900359, 
16:54:01, 9331, 18523, 5900359, 
16:55:01, 9431, 18523, 5900359, 
16:56:01, 9472, 18523, 5900359, 
16:57:01, 7979, 18523, 5900359, 
16:58:01, 9076, 18523, 5900359, 
16:59:01, 8618, 18523, 5900359, 
17:00:01, 8381, 18523, 5900359, 
17:01:01, 8328, 18523, 5900359, 
17:02:01, 8304, 18523, 5900359, 
17:03:01, 8258, 18523, 5900359, 
17:04:01, 8259, 18523, 5900359, 
17:05:01, 8224, 18523, 5900359, 
17:06:01, 8216, 18523, 5900359, 
17:07:01, 8237, 18523, 5900359, 
17:08:01, 8215, 18523, 5900359, 
17:09:01, 8166, 18523, 5900359, 
17:10:01, 8264, 18523, 5900359, 
17:11:02, 8292, 18523, 5900359, 
17:12:01, 8299, 18523, 5900359, 
17:13:01, 8299, 18523, 5900359, 
17:14:01, 8342, 18523, 5900359, 
17:15:01, 8347, 18523, 5900359, 
17:16:02, 8376, 18523, 5900359, 
17:17:01, 8419, 18991, 5905938, 
17:18:01, 8569, 18991, 5905938, 
17:19:01, 8604, 19004, 5906132, 
17:20:01, 8645, 19004, 5906132, 
17:21:02, 8739, 19004, 5906132, 
17:22:01, 8747, 19004, 5906132, 
17:23:01, 8753, 19004, 5906132, 
17:24:01, 8760, 19004, 5906132, 
17:25:01, 8828, 19004, 5906132, 
17:26:01, 8856, 19004, 5906132, 
17:27:01, 8866, 19004, 5906132, 
17:28:01, 8916, 19004, 5906132, 
17:29:02, 8791, 19004, 5906132, 
17:30:01, 8818, 19004, 5906132, 
17:31:01, 8851, 19004, 5906132, 
17:32:01, 8777, 19004, 5906132, 
17:33:01, 8768, 19004, 5906132, 
17:34:01, 8857, 19004, 5906132, 
17:35:01, 8937, 19004, 5906132, 
17:36:01, 8982, 19004, 5906132, 
17:37:01, 8982, 19004, 5906132, 
17:38:01, 8969, 19004, 5906132, 
17:39:02, 8909, 19004, 5906132, 
17:40:01, 8953, 19004, 5906132, 
17:41:01, 9019, 19004, 5906132, 
17:42:01, 8947, 19004, 5906132, 
17:43:01, 8963, 19004, 5906132, 
17:44:01, 8979, 19004, 5906132, 
17:45:01, 9041, 19004, 5906132, 
17:46:01, 8998, 19004, 5906132, 
17:47:01, 8902, 19004, 5906132, 
17:48:01, 8870, 19004, 5906132, 
17:49:01, 8889, 19004, 5906132, 
17:50:01, 8983, 19004, 5906132, 
17:51:01, 9011, 19004, 5906132, 
17:52:01, 8995, 19004, 5906132, 
17:53:01, 8955, 19004, 5906132, 
17:54:01, 9029, 19004, 5906132, 
17:55:01, 9106, 19004, 5906132, 
17:56:01, 9068, 19004, 5906132, 
17:57:02, 8967, 19004, 5906132, 
17:58:01, 8931, 19004, 5906132, 
17:59:01, 8938, 19004, 5906132, 
18:00:01, 8956, 19004, 5906132, 
18:01:01, 8889, 19004, 5906132, 
18:02:01, 8852, 19004, 5906132, 
18:03:01, 8537, 19004, 5906132, 
18:04:01, 8051, 19004, 5906132, 
18:05:01, 7896, 19004, 5906132, 
18:06:01, 7799, 19004, 5906132, 
18:07:01, 7763, 19004, 5906132, 
18:08:01, 7733, 19004, 5906132, 
18:09:01, 7655, 19004, 5906132, 
18:10:01, 7613, 19004, 5906132, 
18:11:01, 7613, 19004, 5906132, 
18:12:01, 7611, 19004, 5906132, 
18:13:01, 7699, 19004, 5906132, 
18:14:01, 7806, 19004, 5906132, 
18:15:01, 7842, 19004, 5906132, 
18:16:01, 7858, 19004, 5906132, 
18:17:01, 7950, 19384, 5911433, 
18:18:01, 7950, 19401, 5911563, 
18:19:01, 8012, 19401, 5911563, 
18:20:01, 8029, 19401, 5911563, 
18:21:01, 8051, 19401, 5911563, 
18:22:01, 8084, 19401, 5911563, 
18:23:01, 8072, 19401, 5911563, 
18:24:01, 8071, 19401, 5911563, 
18:25:01, 8071, 19401, 5911563, 
18:26:01, 8117, 19401, 5911563, 
18:27:01, 8159, 19401, 5911563, 
18:28:01, 8177, 19401, 5911563, 
18:29:01, 8176, 19401, 5911563, 
18:30:01, 8195, 19401, 5911563, 
18:31:01, 8187, 19401, 5911563, 
18:32:01, 8237, 19401, 5911563, 
18:33:01, 8253, 19401, 5911563, 
18:34:01, 8245, 19401, 5911563, 
18:35:01, 8249, 19401, 5911563, 
18:36:01, 8279, 19401, 5911563, 
18:37:01, 8279, 19401, 5911563, 
18:38:02, 8334, 19401, 5911563, 
18:39:01, 8389, 19401, 5911563, 
18:40:01, 8389, 19401, 5911563, 
18:41:01, 8466, 19401, 5911563, 
18:42:01, 8466, 19401, 5911563, 
18:43:01, 8648, 19401, 5911563, 
18:44:01, 8627, 19401, 5911563, 
18:45:01, 8636, 19401, 5911563, 
18:46:02, 8697, 19401, 5911563, 
18:47:01, 8708, 19401, 5911563, 
18:48:01, 8790, 19401, 5911563, 
18:49:01, 8747, 19401, 5911563, 
18:50:01, 8739, 19401, 5911563, 
18:51:01, 8717, 19401, 5911563, 
18:52:01, 8722, 19401, 5911563, 
18:53:01, 8697, 19401, 5911563, 
18:54:01, 8678, 19401, 5911563, 
18:55:01, 8678, 19401, 5911563, 
18:56:01, 8641, 19401, 5911563, 
18:57:01, 8602, 19401, 5911563, 
18:58:01, 8600, 19401, 5911563, 
18:59:01, 8460, 19401, 5911563, 
19:00:01, 7708, 19401, 5911563, 
19:01:01, 7681, 19401, 5911563, 
19:02:01, 7592, 19401, 5911563, 
19:03:01, 7542, 19401, 5911563, 
19:04:01, 7476, 19401, 5911563, 
19:05:01, 7512, 19401, 5911563, 
19:06:01, 7483, 19401, 5911563, 
19:07:01, 7434, 19401, 5911563, 
19:08:01, 7377, 19401, 5911563, 
19:09:02, 7379, 19401, 5911563, 
19:10:01, 7358, 19401, 5911563, 
19:11:01, 7358, 19401, 5911563, 
19:12:01, 7458, 19401, 5911563, 
19:13:01, 7570, 19401, 5911563, 
19:14:01, 7676, 19401, 5911563, 
19:15:01, 7758, 19401, 5911563, 
19:16:01, 7825, 19401, 5911563, 
19:17:02, 7870, 19792, 5916531, 
19:18:01, 7939, 19798, 5916638, 
19:19:01, 8024, 19798, 5916638, 
19:20:01, 8024, 19798, 5916638, 
19:21:01, 8031, 19798, 5916638, 
19:22:01, 8189, 19798, 5916638, 
19:23:01, 8242, 19798, 5916638, 
19:24:01, 8242, 19798, 5916638, 
19:25:01, 8161, 19798, 5916638, 
19:26:01, 8198, 19798, 5916638, 
19:27:01, 8204, 19798, 5916638, 
19:28:01, 8204, 19798, 5916638, 
19:29:01, 8319, 19798, 5916638, 
19:30:01, 8339, 19798, 5916638, 
19:31:01, 8376, 19798, 5916638, 
19:32:01, 8342, 19798, 5916638, 
19:33:01, 8255, 19798, 5916638, 
19:34:01, 8209, 19798, 5916638, 
19:35:01, 8143, 19798, 5916638, 
19:36:01, 8147, 19798, 5916638, 
19:37:01, 8131, 19798, 5916638, 
19:38:01, 8076, 19798, 5916638, 
19:39:01, 8063, 19798, 5916638, 
19:40:01, 8000, 19934, 5916638, 
19:41:01, 7971, 19934, 5916638, 
19:42:01, 7979, 19934, 5916638, 
19:43:01, 7949, 19934, 5916638, 
19:44:01, 7895, 19934, 5916638, 
19:45:01, 7922, 19934, 5916638, 
19:46:01, 7990, 19934, 5916638, 
19:47:02, 7984, 19934, 5916638, 
19:48:01, 7936, 19934, 5916638, 
19:49:01, 7950, 19934, 5916638, 
19:50:01, 7964, 19934, 5916638, 
19:51:01, 8004, 19934, 5916638, 
19:52:01, 7876, 19934, 5916638, 
19:53:01, 7876, 19934, 5916638, 
19:54:01, 7908, 19934, 5916638, 
19:55:01, 7978, 19934, 5916638, 
19:56:01, 8007, 19934, 5916638, 
19:57:01, 8042, 19934, 5916638, 
19:58:01, 8099, 19934, 5916638, 
19:59:01, 8081, 19934, 5916638, 
20:00:01, 8135, 19934, 5916638, 
20:01:01, 8195, 19934, 5916638, 
20:02:01, 8206, 19934, 5916638, 
20:03:01, 8091, 19934, 5916638, 
20:04:01, 7734, 19934, 5916638, 
20:05:01, 7718, 19934, 5916638, 
20:06:01, 7630, 19934, 5916638, 
20:07:01, 7227, 19934, 5916638, 
20:08:01, 7062, 19934, 5916638, 
20:09:01, 7029, 19934, 5916638, 
20:10:01, 6930, 19934, 5916638, 
20:11:01, 6873, 19934, 5916638, 
20:12:01, 6859, 19934, 5916638, 
20:13:01, 6819, 19934, 5916638, 
20:14:01, 6823, 19934, 5916638, 
20:15:01, 6832, 19934, 5916638, 
20:16:01, 6786, 20234, 5921876, 
20:17:01, 6773, 20234, 5921876, 
20:18:01, 6766, 20244, 5921975, 
20:19:01, 6745, 20244, 5921975, 
20:20:01, 6716, 20244, 5921975, 
20:21:01, 6722, 20244, 5921975, 
20:22:01, 6697, 20244, 5921975, 
20:23:01, 6829, 20244, 5921975, 
20:24:01, 6829, 20244, 5921975, 
20:25:01, 6898, 20244, 5921975, 
20:26:01, 6907, 20244, 5921975, 
20:27:01, 6902, 20244, 5921975, 
20:28:01, 6980, 20244, 5921975, 
20:29:01, 6993, 20244, 5921975, 
20:30:01, 6985, 20244, 5921975, 
20:31:01, 6951, 20244, 5921975, 
20:32:01, 6967, 20244, 5921975, 
20:33:01, 6954, 20244, 5921975, 
20:34:01, 6951, 20244, 5921975, 
20:35:01, 6951, 20244, 5921975, 
20:36:01, 6936, 20244, 5921975, 
20:37:01, 6942, 20244, 5921975, 
20:38:01, 6898, 20244, 5921975, 
20:39:01, 6903, 20244, 5921975, 
20:40:01, 6934, 20244, 5921975, 
20:41:02, 6931, 20244, 5921975, 
20:42:01, 6895, 20244, 5921975, 
20:43:01, 6806, 20244, 5921975, 
20:44:01, 6824, 20244, 5921975, 
20:45:01, 6810, 20244, 5921975, 
20:46:02, 6792, 20244, 5921975, 
20:47:01, 6783, 20244, 5921975, 
20:48:01, 6768, 20244, 5921975, 
20:49:01, 6734, 20244, 5921975, 
20:50:01, 6702, 20244, 5921975, 
20:51:01, 6682, 20244, 5921975, 
20:52:01, 6671, 20244, 5921975, 
20:53:01, 6716, 20244, 5921975, 
20:54:01, 6716, 20244, 5921975, 
20:55:01, 6698, 20244, 5921975, 
20:56:01, 6678, 20244, 5921975, 
20:57:01, 6696, 20244, 5921975, 
20:58:01, 6714, 20244, 5921975, 
20:59:01, 6704, 20244, 5921975, 
21:00:01, 6742, 20244, 5921975, 
21:01:01, 6742, 20244, 5921975, 
21:02:01, 6698, 20244, 5921975, 
21:03:01, 6655, 20244, 5921975, 
21:04:01, 6661, 20244, 5921975, 
21:05:01, 6641, 20244, 5921975, 
21:06:02, 6641, 20244, 5921975, 
21:07:01, 6682, 20244, 5921975, 
21:08:01, 6777, 20244, 5921975, 
21:09:01, 6810, 20244, 5921975, 
21:10:01, 6829, 20244, 5921975, 
21:11:01, 6768, 20244, 5921975, 
21:12:01, 6586, 20244, 5921975, 
21:13:01, 6347, 20244, 5921975, 
21:14:01, 6330, 20244, 5921975, 
21:15:01, 6304, 20244, 5921975, 
21:16:01, 6251, 20603, 5926721, 
21:17:01, 6232, 20603, 5926721, 
21:18:01, 6224, 20610, 5926817, 
21:19:01, 6229, 20610, 5926817, 
21:20:01, 6284, 20610, 5926817, 
21:21:02, 6278, 20610, 5926817, 
21:22:01, 6295, 20610, 5926817, 
21:23:01, 6390, 20610, 5926817, 
21:24:01, 6447, 20610, 5926817, 
21:25:01, 6470, 20610, 5926817, 
21:26:01, 6456, 20610, 5926817, 
21:27:01, 6519, 20610, 5926817, 
21:28:01, 6534, 20610, 5926817, 
21:29:01, 6597, 20610, 5926817, 
21:30:01, 6593, 20610, 5926817, 
21:31:01, 6631, 20610, 5926817, 
21:32:01, 6590, 20610, 5926817, 
21:33:01, 6628, 20610, 5926817, 
21:34:01, 6626, 20610, 5926817, 
21:35:01, 6751, 20610, 5926817, 
21:36:01, 6819, 20610, 5926817, 
21:37:01, 6820, 20610, 5926817, 
21:38:01, 6766, 20610, 5926817, 
21:39:01, 6964, 20610, 5926817, 
21:40:01, 7655, 20610, 5926817, 
21:41:02, 7344, 20610, 5926817, 
21:42:01, 6932, 20610, 5926817, 
21:43:01, 6961, 20610, 5926817, 
21:44:01, 7001, 20610, 5926817, 
21:45:01, 6736, 20610, 5926817, 
21:46:02, 6661, 20610, 5926817, 
21:47:01, 6602, 20610, 5926817, 
21:48:01, 6560, 20610, 5926817, 
21:49:01, 6653, 20610, 5926817, 
21:50:01, 6643, 20610, 5926817, 
21:51:01, 6626, 20610, 5926817, 
21:52:01, 6887, 20610, 5926817, 
21:53:01, 6775, 20610, 5926817, 
21:54:01, 6704, 20610, 5926817, 
21:55:01, 6570, 20610, 5926817, 
21:56:01, 6539, 20610, 5926817, 
21:57:01, 6545, 20610, 5926817, 
21:58:01, 6555, 20610, 5926817, 
21:59:01, 7159, 20610, 5926817, 
22:00:01, 7123, 20610, 5926817, 
22:01:01, 7016, 20610, 5926817, 
22:02:01, 7468, 20610, 5926817, 
22:03:01, 7359, 20610, 5926817, 
22:04:01, 7048, 20610, 5926817, 
22:05:01, 6850, 20610, 5926817, 
22:06:01, 6733, 20610, 5926817, 
22:07:01, 6746, 20610, 5926817, 
22:08:01, 6744, 20610, 5926817, 
22:09:01, 6744, 20610, 5926817, 
22:10:01, 6624, 20610, 5926817, 
22:11:01, 6646, 20610, 5926817, 
22:12:01, 6991, 20610, 5926817, 
22:13:01, 6646, 20610, 5926817, 
22:14:01, 6607, 20610, 5926817, 
22:15:01, 6586, 20610, 5926817, 
22:16:01, 6579, 20981, 5934787, 
22:17:01, 6605, 20989, 5934908, 
22:18:01, 6550, 20989, 5934908, 
22:19:01, 6607, 20989, 5934908, 
22:20:01, 7021, 20989, 5934908, 
22:21:01, 6880, 20989, 5934908, 
22:22:01, 6656, 20989, 5934908, 
22:23:01, 6721, 20989, 5934908, 
22:24:01, 6795, 20989, 5934908, 
22:25:02, 6848, 20989, 5934908, 
22:26:01, 6922, 20989, 5934908, 
22:27:01, 6949, 20989, 5934908, 
22:28:01, 6880, 20989, 5934908, 
22:29:01, 6649, 20989, 5934908, 
22:30:01, 6712, 20989, 5934908, 
22:31:01, 6951, 20989, 5934908, 
22:32:01, 7065, 20989, 5934908, 
22:33:01, 6803, 20989, 5934908, 
22:34:01, 6717, 20989, 5934908, 
22:35:01, 6788, 20989, 5934908, 
22:36:01, 6691, 20989, 5934908, 
22:37:01, 6689, 20989, 5934908, 
22:38:01, 6689, 20989, 5934908, 
22:39:01, 6672, 20989, 5934908, 
22:40:01, 6631, 20989, 5934908, 
22:41:01, 6651, 20989, 5934908, 
22:42:01, 6755, 20989, 5934908, 
22:43:01, 6755, 20989, 5934908, 
22:44:01, 6869, 20989, 5934908, 
22:45:01, 7223, 20989, 5934908, 
22:46:01, 7071, 20989, 5934908, 
22:47:01, 6878, 20989, 5934908, 
22:48:01, 7273, 20989, 5934908, 
22:49:01, 7192, 20989, 5934908, 
22:50:01, 6937, 20989, 5934908, 
22:51:01, 6949, 20989, 5934908, 
22:52:01, 7321, 20989, 5934908, 
22:53:01, 7302, 20989, 5934908, 
22:54:01, 7312, 20989, 5934908, 
22:55:01, 7423, 20989, 5934908, 
22:56:01, 7148, 20989, 5934908, 
22:57:01, 7723, 20989, 5934908, 
22:58:01, 7110, 20989, 5934908, 
22:59:01, 7110, 20989, 5934908, 
23:00:01, 6730, 20989, 5934908, 
23:01:01, 6779, 20989, 5934908, 
23:02:01, 7048, 20989, 5934908, 
23:03:01, 7381, 20989, 5934908, 
23:04:01, 7382, 20989, 5934908, 
23:05:01, 7529, 20989, 5934908, 
23:06:01, 7396, 20989, 5934908, 
23:07:01, 7205, 20989, 5934908, 
23:08:01, 7283, 20989, 5934908, 
23:09:01, 7313, 20989, 5934908, 
23:10:01, 7269, 20989, 5934908, 
23:11:01, 6989, 20989, 5934908, 
23:12:01, 6991, 20989, 5934908, 
23:13:01, 7213, 20989, 5934908, 
23:14:01, 6830, 20989, 5934908, 
23:15:01, 6783, 20989, 5934908, 
23:16:01, 6672, 21253, 5944341, 
23:17:01, 7105, 21256, 5944438, 
23:18:01, 6404, 21256, 5944438, 
23:19:01, 6404, 21256, 5944438, 
23:20:01, 6680, 21256, 5944438, 
23:21:01, 6863, 21256, 5944438, 
23:22:01, 6888, 21256, 5944438, 
23:23:01, 6341, 21256, 5944438, 
23:24:01, 6615, 21256, 5944438, 
23:25:01, 6505, 21256, 5944438, 
23:26:01, 6505, 21256, 5944438, 
23:27:01, 6312, 21256, 5944438, 
23:28:01, 6287, 21256, 5944438, 
23:29:01, 6287, 21256, 5944438, 
23:30:01, 6618, 21256, 5944438, 
23:31:01, 6618, 21256, 5944438, 
23:32:01, 6480, 21256, 5944438, 
23:33:01, 6342, 21256, 5944438, 
23:34:01, 6342, 21256, 5944438, 
23:35:01, 7157, 21256, 5944438, 
23:36:01, 6621, 21256, 5944438, 
23:37:01, 6403, 21256, 5944438, 
23:38:01, 6397, 21256, 5944438, 
23:39:01, 6942, 21256, 5944438, 
23:40:01, 6942, 21256, 5944438, 
23:41:01, 7137, 21256, 5944438, 
23:42:01, 7221, 21256, 5944438, 
23:43:01, 6939, 21256, 5944438, 
23:44:01, 6859, 21256, 5944438, 
23:45:01, 7110, 21256, 5944438, 
23:46:01, 6595, 21256, 5944438, 
23:47:01, 6595, 21256, 5944438, 
23:48:01, 6657, 21256, 5944438, 
23:49:01, 6674, 21256, 5944438, 
23:50:02, 6566, 21256, 5944438, 
23:51:01, 6979, 21256, 5944438, 
23:52:01, 6979, 21256, 5944438, 
23:53:01, 6750, 21256, 5944438, 
23:54:01, 6698, 21256, 5944438, 
23:55:02, 6698, 21256, 5944438, 
23:56:01, 6903, 21256, 5944438, 
23:57:01, 6591, 21256, 5944438, 
23:58:01, 6794, 21256, 5944438, 
23:59:01, 6794, 21256, 5944438, 
00:00:01, 6857, 21256, 5944438, 
00:01:01, 7169, 21256, 5944438, 
00:02:01, 7827, 21256, 5944438, 
00:03:01, 6418, 21256, 5944438, 
00:04:01, 7004, 21256, 5944438, 
00:05:01, 6948, 21256, 5944438, 
00:06:01, 6900, 21256, 5944438, 
00:07:01, 6416, 21256, 5944438, 
00:08:01, 6322, 21256, 5944438, 
00:09:01, 6299, 21256, 5944438, 
00:10:01, 6273, 21256, 5944438, 
00:11:01, 6455, 21256, 5944438, 
00:12:01, 6510, 21256, 5944438, 
00:13:01, 6403, 21256, 5944438, 
00:14:01, 6211, 21256, 5944438, 
00:15:01, 6085, 21256, 5944438, 
00:16:01, 5561, 21516, 5953059, 
00:17:01, 5451, 21519, 5953144, 
00:18:01, 5343, 21519, 5953144, 
00:19:01, 5329, 21519, 5953144, 
00:20:01, 5342, 21519, 5953144, 
00:21:01, 5602, 21519, 5953144, 
00:22:01, 5773, 21519, 5953144, 
00:23:01, 5695, 21519, 5953144, 
00:24:01, 5299, 21519, 5953144, 
00:25:01, 6002, 21519, 5953144, 
00:26:01, 6055, 21519, 5953144, 
00:27:01, 5621, 21519, 5953144, 
00:28:01, 5688, 21519, 5953144, 
00:29:01, 5572, 21519, 5953144, 
00:30:01, 5431, 21519, 5953144, 
00:31:01, 5407, 21519, 5953144, 
00:32:01, 5461, 21519, 5953144, 
00:33:02, 5490, 21519, 5953144, 
00:34:01, 5555, 21519, 5953144, 
00:35:01, 5875, 21519, 5953144, 
00:36:01, 5994, 21519, 5953144, 
00:37:01, 5694, 21519, 5953144, 
00:38:01, 5659, 21519, 5953144, 
00:39:01, 5937, 21519, 5953144, 
00:40:01, 6073, 21519, 5953144, 
00:41:01, 5596, 21519, 5953144, 
00:42:01, 5718, 21519, 5953144, 
00:43:01, 5864, 21519, 5953144, 
00:44:01, 5920, 21519, 5953144, 
00:45:01, 5726, 21519, 5953144, 
00:46:01, 5793, 21519, 5953144, 
00:47:01, 5860, 21519, 5953144, 
00:48:01, 6000, 21519, 5953144, 
00:49:01, 6302, 21519, 5953144, 
00:50:01, 5772, 21519, 5953144, 
00:51:01, 5729, 21519, 5953144, 
00:52:01, 5729, 21519, 5953144, 
00:53:01, 5854, 21519, 5953144, 
00:54:01, 5695, 21519, 5953144, 
00:55:01, 5655, 21519, 5953144, 
00:56:01, 5656, 21519, 5953144, 
00:57:01, 5656, 21519, 5953144, 
00:58:01, 5697, 21519, 5953144, 
00:59:01, 5636, 21519, 5953144, 
01:00:01, 6001, 21519, 5953144, 
01:01:01, 5724, 21519, 5953144, 
01:02:01, 5724, 21519, 5953144, 
01:03:02, 5661, 21519, 5953144, 
01:04:01, 5651, 21519, 5953144, 
01:05:01, 5632, 21519, 5953144, 
01:06:01, 5634, 21519, 5953144, 
01:07:01, 5574, 21519, 5953144, 
01:08:02, 5469, 21519, 5953144, 
01:09:01, 5346, 21519, 5953144, 
01:10:01, 4900, 21519, 5953144, 
01:11:01, 5723, 21519, 5953144, 
01:12:01, 5634, 21519, 5953144, 
01:13:01, 5664, 21519, 5953144, 
01:14:01, 5334, 21519, 5953144, 
01:15:01, 5385, 21519, 5953144, 
01:16:01, 5525, 21766, 5961602, 
01:17:01, 5525, 21774, 5961742, 
01:18:01, 5570, 21774, 5961742, 
01:19:01, 5183, 21774, 5961742, 
01:20:01, 5183, 21774, 5961742, 
01:21:01, 5582, 21774, 5961742, 
01:22:01, 5382, 21774, 5961742, 
01:23:01, 5216, 21774, 5961742, 
01:24:01, 5205, 21774, 5961742, 
01:25:01, 5220, 21774, 5961742, 
01:26:01, 5355, 21774, 5961742, 
01:27:01, 5694, 21774, 5961742, 
01:28:01, 5726, 21774, 5961742, 
01:29:01, 5453, 21774, 5961742, 
01:30:01, 5538, 21774, 5961742, 
01:31:01, 5552, 21774, 5961742, 
01:32:01, 5782, 21774, 5961742, 
01:33:01, 6236, 21774, 5961742, 
01:34:01, 6089, 21774, 5961742, 
01:35:01, 7689, 21774, 5961742, 
01:36:01, 7579, 21774, 5961742, 
01:37:01, 7506, 21774, 5961742, 
01:38:01, 7283, 21774, 5961742, 
01:39:01, 7307, 21774, 5961742, 
01:40:01, 7546, 21774, 5961742, 
01:41:01, 7675, 21774, 5961742, 
01:42:01, 7290, 21774, 5961742, 
01:43:02, 7031, 21774, 5961742, 
01:44:01, 7222, 21774, 5961742, 
01:45:01, 7680, 21774, 5961742, 
01:46:01, 7859, 21774, 5961742, 
01:47:01, 7449, 21774, 5961742, 
01:48:01, 7110, 21774, 5961742, 
01:49:01, 7005, 21774, 5961742, 
01:50:01, 6989, 21774, 5961742, 
01:51:01, 7339, 21774, 5961742, 
01:52:01, 7271, 21774, 5961742, 
01:53:01, 7271, 21774, 5961742, 
01:54:01, 7195, 21774, 5961742, 
01:55:01, 7048, 21774, 5961742, 
01:56:01, 7048, 21774, 5961742, 
01:57:01, 6868, 21774, 5961742, 
01:58:01, 6818, 21774, 5961742, 
01:59:01, 6815, 21774, 5961742, 
02:00:01, 6914, 21774, 5961742, 
02:01:01, 7079, 21774, 5961742, 
02:02:01, 7423, 21774, 5961742, 
02:03:01, 7423, 21774, 5961742, 
02:04:01, 7014, 21774, 5961742, 
02:05:01, 6957, 21774, 5961742, 
02:06:01, 7304, 21774, 5961742, 
02:07:01, 7443, 21774, 5961742, 
02:08:01, 7419, 21774, 5961742, 
02:09:01, 7194, 21774, 5961742, 
02:10:01, 7213, 21774, 5961742, 
02:11:02, 7146, 21774, 5961742, 
02:12:01, 6506, 21774, 5961742, 
02:13:01, 6349, 21774, 5961742, 
02:14:01, 6246, 21774, 5961742, 
02:15:01, 6577, 21774, 5961742, 
02:16:01, 6415, 22083, 5972644, 
02:17:01, 6547, 22083, 5972777, 
02:18:01, 6350, 22083, 5972777, 
02:19:01, 5935, 22083, 5972777, 
02:20:01, 5896, 22083, 5972777, 
02:21:02, 5988, 22083, 5972777, 
02:22:01, 5801, 22083, 5972777, 
02:23:01, 5732, 22083, 5972777, 
02:24:01, 5824, 22083, 5972777, 
02:25:01, 5800, 22083, 5972777, 
02:26:01, 5523, 22083, 5972777, 
02:27:01, 5492, 22083, 5972777, 
02:28:01, 5485, 22083, 5972777, 
02:29:01, 5638, 22083, 5972777, 
02:30:01, 5709, 22083, 5972777, 
02:31:02, 5523, 22083, 5972777, 
02:32:01, 5470, 22083, 5972777, 
02:33:01, 5873, 22083, 5972777, 
02:34:01, 5986, 22083, 5972777, 
02:35:01, 6202, 22083, 5972777, 
02:36:02, 5774, 22083, 5972777, 
02:37:01, 5747, 22083, 5972777, 
02:38:01, 5843, 22083, 5972777, 
02:39:01, 6003, 22083, 5972777, 
02:40:01, 5731, 22083, 5972777, 
02:41:01, 5681, 22083, 5972777, 
02:42:01, 5997, 22083, 5972777, 
02:43:01, 5736, 22083, 5972777, 
02:44:01, 5709, 22083, 5972777, 
02:45:01, 5726, 22083, 5972777, 
02:46:01, 6004, 22083, 5972777, 
02:47:01, 6181, 22083, 5972777, 
02:48:01, 5957, 22083, 5972777, 
02:49:01, 5793, 22083, 5972777, 
02:50:01, 5831, 22083, 5972777, 
02:51:01, 5612, 22083, 5972777, 
02:52:01, 5605, 22083, 5972777, 
02:53:01, 5613, 22083, 5972777, 
02:54:01, 5523, 22083, 5972777, 
02:55:01, 5543, 22083, 5972777, 
02:56:01, 6057, 22083, 5972777, 
02:57:01, 6057, 22083, 5972777, 
02:58:01, 6102, 22083, 5972777, 
02:59:01, 6258, 22083, 5972777, 
03:00:01, 6246, 22083, 5972777, 
03:01:01, 6115, 22083, 5972777, 
03:02:01, 5868, 22083, 5972777, 
03:03:01, 5919, 22083, 5972777, 
03:04:01, 5715, 22083, 5972777, 
03:05:01, 5715, 22083, 5972777, 
03:06:01, 5753, 22083, 5972777, 
03:07:01, 5805, 22083, 5972777, 
03:08:01, 5615, 22083, 5972777, 
03:09:01, 5464, 22083, 5972777, 
03:10:01, 5474, 22083, 5972777, 
03:11:01, 5698, 22083, 5972777, 
03:12:01, 5570, 22083, 5972777, 
03:13:01, 5415, 22083, 5972777, 
03:14:01, 5507, 22083, 5972777, 
03:15:01, 5597, 22083, 5972777, 
03:16:01, 5651, 22318, 5983781, 
03:17:01, 5356, 22328, 5983931, 
03:18:02, 5441, 22328, 5983931, 
03:19:01, 5788, 22328, 5983931, 
03:20:01, 5671, 22328, 5983931, 
03:21:01, 5377, 22328, 5983931, 
03:22:01, 5538, 22328, 5983931, 
03:23:02, 5531, 22328, 5983931, 
03:24:01, 6133, 22328, 5983931, 
03:25:01, 6133, 22328, 5983931, 
03:26:01, 6295, 22328, 5983931, 
03:27:01, 5300, 22328, 5983931, 
03:28:02, 6465, 22328, 5983931, 
03:29:01, 6474, 22328, 5983931, 
03:30:01, 6392, 22328, 5983931, 
03:31:01, 6392, 22328, 5983931, 
03:32:01, 5419, 22328, 5983931, 
03:33:02, 5379, 22328, 5983931, 
03:34:01, 5364, 22328, 5983931, 
03:35:01, 5332, 22328, 5983931, 
03:36:01, 6271, 22328, 5983931, 
03:37:01, 6271, 22328, 5983931, 
03:38:02, 6220, 22328, 5983931, 
03:39:01, 5398, 22328, 5983931, 
03:40:01, 5273, 22328, 5983931, 
03:41:01, 5281, 22328, 5983931, 
03:42:01, 5225, 22328, 5983931, 
03:43:02, 6278, 22328, 5983931, 
03:44:01, 5407, 22328, 5983931, 
03:45:01, 5407, 22328, 5983931, 
03:46:01, 6545, 22328, 5983931, 
03:47:01, 5416, 22328, 5983931, 
03:48:01, 5416, 22328, 5983931, 
03:49:01, 5299, 22328, 5983931, 
03:50:01, 5363, 22328, 5983931, 
03:51:01, 5196, 22328, 5983931, 
03:52:01, 5153, 22328, 5983931, 
03:53:01, 6125, 22328, 5983931, 
03:54:01, 5220, 22328, 5983931, 
03:55:01, 5233, 22328, 5983931, 
03:56:01, 5178, 22328, 5983931, 
03:57:01, 5211, 22328, 5983931, 
03:58:01, 5180, 22328, 5983931, 
03:59:01, 5158, 22328, 5983931, 
04:00:01, 5164, 22328, 5983931, 
04:01:01, 5112, 22328, 5983931, 
04:02:01, 5138, 22328, 5983931, 
04:03:01, 5138, 22328, 5983931, 
04:04:01, 5224, 22328, 5983931, 
04:05:01, 5252, 22328, 5983931, 
04:06:01, 5280, 22328, 5983931, 
04:07:01, 5237, 22328, 5983931, 
04:08:01, 5274, 22328, 5983931, 
04:09:01, 5252, 22328, 5983931, 
04:10:01, 5222, 22328, 5983931, 
04:11:01, 5227, 22328, 5983931, 
04:12:01, 5252, 22328, 5983931, 
04:13:01, 5191, 22328, 5983931, 
04:14:01, 5167, 22328, 5983931, 
04:15:01, 5196, 22328, 5983931, 
04:16:01, 5271, 22556, 6013968, 
04:17:01, 5320, 22556, 6014452, 
04:18:01, 5363, 22556, 6014452, 
04:19:01, 5301, 22556, 6014452, 
04:20:01, 6443, 22556, 6014452, 
04:21:02, 5459, 22556, 6014452, 
04:22:01, 5449, 22556, 6014452, 
04:23:01, 5527, 22556, 6014452, 
04:24:01, 5524, 22556, 6014452, 
04:25:01, 5524, 22556, 6014452, 
04:26:01, 5657, 22556, 6014452, 
04:27:01, 5630, 22556, 6014452, 
04:28:01, 5613, 22556, 6014452, 
04:29:01, 5592, 22556, 6014452, 
04:30:01, 5633, 22556, 6014452, 
04:31:02, 5623, 22556, 6014452, 
04:32:01, 5649, 22556, 6014452, 
04:33:01, 5599, 22556, 6014452, 
04:34:01, 5600, 22556, 6014452, 
04:35:01, 5577, 22556, 6014452, 
04:36:01, 5591, 22556, 6014452, 
04:37:01, 5579, 22556, 6014452, 
04:38:01, 5628, 22556, 6014452, 
04:39:01, 5719, 22556, 6014452, 
04:40:01, 5712, 22556, 6014452, 
04:41:01, 5636, 22556, 6014452, 
04:42:01, 5615, 22556, 6014452, 
04:43:01, 5547, 22556, 6014452, 
04:44:01, 5527, 22556, 6014452, 
04:45:01, 5423, 22556, 6014452, 
04:46:01, 5203, 22556, 6014452, 
04:47:01, 5061, 22556, 6014452, 
04:48:01, 5044, 22556, 6014452, 
04:49:01, 5073, 22556, 6014452, 
04:50:01, 5110, 22556, 6014452, 
04:51:01, 5086, 22556, 6014452, 
04:52:01, 5084, 22556, 6014452, 
04:53:01, 5141, 22556, 6014452, 
04:54:01, 5115, 22556, 6014452, 
04:55:01, 5175, 22556, 6014452, 
04:56:01, 5210, 22556, 6014452, 
04:57:01, 5234, 22556, 6014452, 
04:58:01, 5141, 22556, 6014452, 
04:59:01, 5186, 22556, 6014452, 
05:00:01, 5193, 22556, 6014452, 
05:01:01, 5212, 22556, 6014452, 
05:02:01, 5212, 22556, 6014452, 
05:03:01, 5211, 22556, 6014452, 
05:04:01, 5252, 22556, 6014452, 
05:05:01, 5182, 22556, 6014452, 
05:06:01, 5176, 22556, 6014452, 
05:07:01, 5172, 22556, 6014452, 
05:08:01, 6306, 22556, 6014452, 
05:09:01, 5559, 22556, 6014452, 
05:10:01, 5573, 22556, 6014452, 
05:11:01, 6736, 22556, 6014452, 
05:12:01, 6786, 22556, 6014452, 
05:13:01, 5796, 22556, 6014452, 
05:14:01, 5745, 22556, 6014452, 
05:15:01, 5830, 22556, 6014452, 
05:16:01, 5886, 22556, 6014452, 
05:17:01, 5886, 22801, 6049181, 
05:18:01, 5934, 22801, 6049181, 
05:19:01, 6064, 22801, 6049181, 
05:20:01, 6090, 22801, 6049181, 
05:21:01, 6138, 22801, 6049181, 
05:22:01, 6098, 22801, 6049181, 
05:23:01, 6131, 22801, 6049181, 
05:24:01, 6203, 22801, 6049181, 
05:25:01, 6149, 22801, 6049181, 
05:26:01, 6213, 22801, 6049181, 
05:27:01, 6338, 22801, 6049181, 
05:28:01, 6417, 22801, 6049181, 
05:29:01, 6417, 22801, 6049181, 
05:30:01, 6384, 22801, 6049181, 
05:31:01, 6434, 22801, 6049181, 
05:32:01, 6335, 22801, 6049181, 
05:33:01, 7588, 22801, 6049181, 
05:34:01, 6197, 22801, 6049181, 
05:35:01, 6011, 22801, 6049181, 
05:36:01, 5912, 22801, 6049181, 
05:37:01, 5908, 22801, 6049181, 
05:38:01, 5805, 22801, 6049181, 
05:39:01, 5775, 22801, 6049181, 
05:40:01, 5720, 22801, 6049181, 
05:41:01, 5700, 22801, 6049181, 
05:42:01, 5689, 22801, 6049181, 
05:43:01, 5658, 22801, 6049181, 
05:44:01, 5675, 22801, 6049181, 
05:45:01, 5931, 22801, 6049181, 
05:46:01, 5925, 22801, 6049181, 
05:47:01, 5967, 22801, 6049181, 
05:48:01, 5967, 22801, 6049181, 
05:49:01, 6055, 22801, 6049181, 
05:50:01, 6128, 22801, 6049181, 
05:51:01, 6128, 22801, 6049181, 
05:52:01, 6147, 22801, 6049181, 
05:53:01, 6147, 22801, 6049181, 
05:54:01, 6213, 22801, 6049181, 
05:55:01, 6292, 22801, 6049181, 
05:56:01, 7632, 22801, 6049181, 
05:57:01, 6369, 22801, 6049181, 
05:58:01, 6469, 22801, 6049181, 
05:59:01, 7893, 22801, 6049181, 
06:00:01, 6650, 22801, 6049181, 
06:01:01, 6589, 22801, 6049181, 
06:02:01, 6389, 22801, 6049181, 
06:03:01, 6275, 22801, 6049181, 
06:04:01, 6227, 22801, 6049181, 
06:05:01, 6280, 22801, 6049181, 
06:06:01, 6328, 22801, 6049181, 
06:07:02, 7527, 22801, 6049181, 
06:08:01, 6349, 22801, 6049181, 
06:09:01, 6305, 22801, 6049181, 
06:10:01, 5995, 22801, 6049181, 
06:11:01, 6006, 22801, 6049181, 
06:12:01, 5857, 22801, 6049181, 
06:13:01, 6722, 22801, 6049181, 
06:14:01, 6794, 22801, 6049181, 
06:15:01, 6806, 22801, 6049181, 
06:16:01, 6866, 23009, 6089824, 
06:17:01, 6569, 23010, 6090215, 
06:18:01, 6603, 23010, 6090215, 
06:19:01, 6588, 23010, 6090215, 
06:20:01, 6692, 23010, 6090215, 
06:21:01, 6599, 23010, 6090215, 
06:22:01, 6481, 23010, 6090215, 
06:23:01, 6657, 23010, 6090215, 
06:24:01, 6677, 23010, 6090215, 
06:25:01, 6638, 23010, 6090215, 
06:26:01, 6926, 23010, 6090215, 
06:27:01, 6828, 23010, 6090215, 
06:28:01, 6636, 23010, 6090215, 
06:29:01, 6766, 23010, 6090215, 
06:30:01, 6766, 23010, 6090215, 
06:31:01, 5854, 23010, 6090215, 
06:32:01, 6940, 23010, 6090215, 
06:33:01, 6782, 23010, 6090215, 
06:34:01, 5623, 23010, 6090215, 
06:35:01, 6635, 23010, 6090215, 
06:36:01, 6650, 23010, 6090215, 
06:37:01, 6454, 23010, 6090215, 
06:38:01, 6350, 23010, 6090215, 
06:39:01, 6350, 23010, 6090215, 
06:40:01, 6727, 23010, 6090215, 
06:41:01, 6662, 23010, 6090215, 
06:42:01, 6662, 23010, 6090215, 
06:43:01, 6708, 23010, 6090215, 
06:44:01, 6594, 23010, 6090215, 
06:45:01, 5550, 23010, 6090215, 
06:46:01, 6340, 23010, 6090215, 
06:47:01, 6366, 23010, 6090215, 
06:48:01, 5543, 23010, 6090215, 
06:49:01, 5503, 23010, 6090215, 
06:50:01, 5409, 23010, 6090215, 
06:51:02, 6111, 23010, 6090215, 
06:52:01, 6091, 23010, 6090215, 
06:53:01, 6293, 23010, 6090215, 
06:54:01, 6002, 23010, 6090215, 
06:55:01, 5853, 23010, 6090215, 
06:56:01, 5893, 23010, 6090215, 
06:57:01, 6100, 23010, 6090215, 
06:58:01, 6102, 23010, 6090215, 
06:59:01, 6082, 23010, 6090215, 
07:00:01, 6344, 23010, 6090215, 
07:01:01, 6382, 23010, 6090215, 
07:02:01, 6455, 23010, 6090215, 
07:03:01, 6118, 23010, 6090215, 
07:04:01, 6118, 23010, 6090215, 
07:05:01, 6049, 23010, 6090215, 
07:06:01, 6137, 23010, 6090215, 
07:07:01, 6161, 23010, 6090215, 
07:08:01, 6161, 23010, 6090215, 
07:09:01, 6237, 23010, 6090215, 
07:10:01, 6158, 23010, 6090215, 
07:11:01, 6028, 23010, 6090215, 
07:12:01, 6041, 23010, 6090215, 
07:13:01, 5862, 23010, 6090215, 
07:14:01, 5862, 23010, 6090215, 
07:15:01, 5657, 23010, 6090215, 
07:16:01, 5674, 23243, 6112524, 
07:17:01, 5744, 23245, 6112743, 
07:18:01, 5646, 23245, 6112743, 
07:19:01, 5626, 23245, 6112743, 
07:20:01, 5617, 23245, 6112743, 
07:21:01, 5667, 23245, 6112743, 
07:22:01, 5557, 23245, 6112743, 
07:23:01, 5445, 23245, 6112743, 
07:24:01, 5345, 23245, 6112743, 
07:25:01, 5292, 23245, 6112743, 
07:26:01, 5462, 23245, 6112743, 
07:27:01, 5498, 23245, 6112743, 
07:28:01, 5433, 23245, 6112743, 
07:29:01, 5374, 23245, 6112743, 
07:30:01, 5466, 23245, 6112743, 
07:31:01, 5440, 23245, 6112743, 
07:32:01, 5480, 23245, 6112743, 
07:33:01, 5450, 23245, 6112743, 
07:34:01, 5724, 23245, 6112743, 
07:35:01, 5592, 23245, 6112743, 
07:36:01, 5474, 23245, 6112743, 
07:37:01, 5441, 23245, 6112743, 
07:38:01, 5483, 23245, 6112743, 
07:39:01, 5483, 23245, 6112743, 
07:40:01, 5686, 23245, 6112743, 
07:41:01, 5592, 23245, 6112743, 
07:42:01, 5592, 23245, 6112743, 
07:43:01, 5841, 23245, 6112743, 
07:44:01, 5652, 23245, 6112743, 
07:45:01, 5489, 23245, 6112743, 
07:46:01, 5462, 23245, 6112743, 
07:47:01, 5617, 23245, 6112743, 
07:48:01, 5861, 23245, 6112743, 
07:49:01, 5861, 23245, 6112743, 
07:50:01, 5538, 23245, 6112743, 
07:51:01, 5559, 23245, 6112743, 
07:52:01, 5713, 23245, 6112743, 
07:53:01, 5656, 23245, 6112743, 
07:54:02, 5713, 23245, 6112743, 
07:55:01, 5702, 23245, 6112743, 
07:56:01, 5732, 23245, 6112743, 
07:57:01, 5638, 23245, 6112743, 
07:58:01, 5679, 23245, 6112743, 
07:59:01, 5855, 23245, 6112743, 
08:00:01, 5855, 23245, 6112743, 
08:01:01, 6010, 23245, 6112743, 
08:02:01, 5718, 23245, 6112743, 
08:03:01, 5675, 23245, 6112743, 
08:04:01, 5653, 23245, 6112743, 
08:05:01, 5601, 23245, 6112743, 
08:06:01, 5548, 23245, 6112743, 
08:07:01, 5649, 23245, 6112743, 
08:08:01, 5734, 23245, 6112743, 
08:09:01, 5734, 23245, 6112743, 
08:10:01, 5654, 23245, 6112743, 
08:11:01, 5461, 23245, 6112743, 
08:12:01, 5502, 23245, 6112743, 
08:13:01, 5358, 23245, 6112743, 
08:14:01, 5483, 23245, 6112743, 
08:15:01, 5418, 23245, 6112743, 
08:16:01, 5357, 23409, 6127241, 
08:17:01, 5357, 23409, 6127241, 
08:18:01, 5410, 23414, 6127563, 
08:19:01, 5370, 23414, 6127563, 
08:20:01, 5520, 23414, 6127563, 
08:21:01, 5520, 23414, 6127563, 
08:22:01, 5584, 23414, 6127563, 
08:23:01, 5495, 23414, 6127563, 
08:24:01, 5594, 23414, 6127563, 
08:25:01, 5447, 23414, 6127563, 
08:26:01, 5434, 23414, 6127563, 
08:27:01, 5434, 23414, 6127563, 
08:28:01, 5580, 23414, 6127563, 
08:29:01, 5837, 23414, 6127563, 
08:30:02, 5747, 23414, 6127563, 
08:31:01, 5801, 23414, 6127563, 
08:32:01, 5965, 23414, 6127563, 
08:33:01, 5654, 23414, 6127563, 
08:34:01, 5650, 23414, 6127563, 
08:35:01, 5670, 23414, 6127563, 
08:36:01, 5753, 23414, 6127563, 
08:37:01, 5772, 23414, 6127563, 
08:38:01, 6126, 23414, 6127563, 
08:39:01, 6189, 23414, 6127563, 
08:40:01, 6096, 23414, 6127563, 
08:41:01, 4702, 23414, 6127563, 
08:42:01, 5367, 23414, 6127563, 
08:43:02, 5367, 23414, 6127563, 
08:44:01, 5102, 23414, 6127563, 
08:45:01, 5031, 23414, 6127563, 
08:46:01, 5197, 23414, 6127563, 
08:47:01, 5175, 23414, 6127563, 
08:48:01, 4998, 23414, 6127563, 
08:49:01, 5042, 23414, 6127563, 
08:50:01, 5255, 23414, 6127563, 
08:51:01, 5251, 23414, 6127563, 
08:52:01, 5135, 23414, 6127563, 
08:53:01, 5165, 23414, 6127563, 
08:54:01, 5228, 23414, 6127563, 
08:55:01, 5228, 23414, 6127563, 
08:56:01, 5482, 23414, 6127563, 
08:57:01, 5249, 23414, 6127563, 
08:58:01, 5203, 23414, 6127563, 
08:59:01, 5251, 23414, 6127563, 
09:00:01, 5387, 23414, 6127563, 
09:01:01, 5445, 23414, 6127563, 
09:02:01, 5435, 23414, 6127563, 
09:03:01, 5367, 23414, 6127563, 
09:04:01, 5417, 23414, 6127563, 
09:05:01, 5423, 23414, 6127563, 
09:06:01, 5542, 23414, 6127563, 
09:07:01, 5443, 23414, 6127563, 
09:08:01, 5545, 23414, 6127563, 
09:09:01, 5566, 23414, 6127563, 
09:10:01, 5438, 23414, 6127563, 
09:11:01, 5343, 23414, 6127563, 
09:12:01, 5376, 23414, 6127563, 
09:13:01, 5493, 23414, 6127563, 
09:14:01, 5581, 23414, 6127563, 
09:15:01, 5821, 23414, 6127563, 
09:16:01, 5825, 23623, 6143256, 
09:17:01, 5621, 23623, 6143256, 
09:18:01, 5611, 23624, 6143668, 
09:19:01, 5751, 23624, 6143668, 
09:20:01, 5398, 23624, 6143668, 
09:21:01, 5436, 23624, 6143668, 
09:22:01, 5436, 23624, 6143668, 
09:23:01, 5555, 23624, 6143668, 
09:24:01, 5656, 23624, 6143668, 
09:25:01, 5613, 23624, 6143668, 
09:26:01, 5324, 23624, 6143668, 
09:27:01, 5473, 23624, 6143668, 
09:28:01, 5805, 23624, 6143668, 
09:29:01, 5710, 23624, 6143668, 
09:30:01, 5566, 23624, 6143668, 
09:31:01, 5432, 23624, 6143668, 
09:32:01, 5578, 23624, 6143668, 
09:33:01, 5980, 23624, 6143668, 
09:34:01, 5985, 23624, 6143668, 
09:35:01, 5987, 23624, 6143668, 
09:36:01, 5717, 23624, 6143668, 
09:37:01, 5717, 23624, 6143668, 
09:38:01, 5767, 23624, 6143668, 
09:39:01, 5751, 23624, 6143668, 
09:40:01, 5630, 23624, 6143668, 
09:41:01, 5948, 23624, 6143668, 
09:42:01, 6020, 23624, 6143668, 
09:43:01, 5998, 23624, 6143668, 
09:44:01, 5738, 23624, 6143668, 
09:45:01, 5859, 23624, 6143668, 
09:46:01, 5829, 23624, 6143668, 
09:47:01, 5816, 23624, 6143668, 
09:48:01, 5939, 23624, 6143668, 
09:49:01, 5883, 23624, 6143668, 
09:50:01, 5952, 23624, 6143668, 
09:51:01, 6037, 23624, 6143668, 
09:52:01, 6079, 23624, 6143668, 
09:53:01, 6010, 23624, 6143668, 
09:54:01, 6106, 23624, 6143668, 
09:55:01, 6368, 23624, 6143668, 
09:56:01, 6366, 23624, 6143668, 
09:57:01, 6119, 23624, 6143668, 
09:58:01, 6107, 23624, 6143668, 
09:59:01, 6164, 23624, 6143668, 
10:00:01, 6256, 23624, 6143668, 
10:01:01, 6070, 23624, 6143668, 
10:02:01, 5587, 23624, 6143668, 
10:03:01, 5632, 23624, 6143668, 
10:04:01, 5767, 23624, 6143668, 
10:05:01, 5794, 23624, 6143668, 
10:06:01, 5760, 23624, 6143668, 
10:07:01, 5745, 23624, 6143668, 
10:08:02, 5478, 23624, 6143668, 
10:09:01, 5449, 23624, 6143668, 
10:10:01, 5467, 23624, 6143668, 
10:11:01, 5903, 23624, 6143668, 
10:12:01, 5731, 23624, 6143668, 
10:13:01, 5987, 23624, 6143668, 
10:14:01, 5785, 23624, 6143668, 
10:15:01, 5785, 23624, 6143668, 
10:16:02, 5986, 23624, 6143668, 
10:17:01, 6022, 23844, 6160369, 
10:18:01, 5969, 23847, 6160611, 
10:19:01, 6009, 23847, 6160611, 
10:20:01, 5990, 23847, 6160611, 
10:21:02, 6048, 23847, 6160611, 
10:22:01, 6048, 23847, 6160611, 
10:23:01, 5942, 23847, 6160611, 
10:24:01, 6039, 23847, 6160611, 
10:25:01, 5981, 23847, 6160611, 
10:26:02, 6090, 23847, 6160611, 
10:27:01, 6388, 23847, 6160611, 
10:28:01, 6249, 23847, 6160611, 
10:29:01, 6065, 23847, 6160611, 
10:30:01, 6056, 23847, 6160611, 
10:31:01, 6044, 23847, 6160611, 
10:32:01, 6174, 23847, 6160611, 
10:33:01, 5983, 23847, 6160611, 
10:34:01, 5983, 23847, 6160611, 
10:35:01, 5998, 23847, 6160611, 
10:36:01, 6006, 23847, 6160611, 
10:37:01, 6095, 23847, 6160611, 
10:38:01, 6245, 23847, 6160611, 
10:39:01, 6253, 23847, 6160611, 
10:40:01, 6035, 23847, 6160611, 
10:41:01, 6001, 23847, 6160611, 
10:42:01, 5994, 23847, 6160611, 
10:43:01, 5907, 23847, 6160611, 
10:44:01, 6070, 23847, 6160611, 
10:45:01, 6249, 23847, 6160611, 
10:46:01, 6287, 23847, 6160611, 
10:47:01, 6182, 23847, 6160611, 
10:48:01, 6048, 23847, 6160611, 
10:49:01, 6156, 23847, 6160611, 
10:50:01, 5973, 23847, 6160611, 
10:51:01, 6042, 23847, 6160611, 
10:52:01, 6270, 23847, 6160611, 
10:53:01, 6151, 23847, 6160611, 
10:54:01, 5942, 23847, 6160611, 
10:55:01, 5902, 23847, 6160611, 
10:56:01, 5934, 23847, 6160611, 
10:57:01, 6359, 23847, 6160611, 
10:58:01, 6077, 23847, 6160611, 
10:59:02, 6051, 23847, 6160611, 
11:00:01, 6034, 23847, 6160611, 
11:01:01, 6288, 23847, 6160611, 
11:02:01, 6523, 23847, 6160611, 
11:03:01, 6540, 23847, 6160611, 
11:04:01, 6290, 23847, 6160611, 
11:05:01, 6290, 23847, 6160611, 
11:06:02, 5560, 23847, 6160611, 
11:07:01, 6294, 23847, 6160611, 
11:08:01, 6148, 23847, 6160611, 
11:09:01, 6307, 23847, 6160611, 
11:10:01, 6436, 23847, 6160611, 
11:11:01, 6476, 23847, 6160611, 
11:12:01, 6552, 23847, 6160611, 
11:13:02, 6484, 23847, 6160611, 
11:14:01, 6586, 23847, 6160611, 
11:15:01, 6344, 23847, 6160611, 
11:16:01, 6372, 23847, 6160611, 
11:17:01, 6244, 24021, 6177196, 
11:18:01, 6424, 24025, 6177605, 
11:19:01, 6382, 24025, 6177605, 
11:20:01, 6383, 24025, 6177605, 
11:21:01, 6233, 24025, 6177605, 
11:22:01, 6312, 24025, 6177605, 
11:23:01, 6765, 24025, 6177605, 
11:24:01, 6968, 24025, 6177605, 
11:25:01, 6968, 24025, 6177605, 
11:26:01, 6583, 24025, 6177605, 
11:27:01, 6556, 24025, 6177605, 
11:28:02, 6658, 24025, 6177605, 
11:29:01, 6592, 24025, 6177605, 
11:30:01, 6616, 24025, 6177605, 
11:31:01, 6879, 24025, 6177605, 
11:32:01, 6726, 24025, 6177605, 
11:33:02, 6501, 24025, 6177605, 
11:34:01, 6696, 24025, 6177605, 
11:35:01, 6624, 24025, 6177605, 
11:36:01, 6458, 24025, 6177605, 
11:37:01, 6563, 24025, 6177605, 
11:38:02, 6923, 24025, 6177605, 
11:39:01, 6871, 24025, 6177605, 
11:40:01, 6566, 24025, 6177605, 
11:41:01, 6601, 24025, 6177605, 
11:42:01, 6996, 24025, 6177605, 
11:43:02, 6996, 24025, 6177605, 
11:44:01, 6811, 24025, 6177605, 
11:45:01, 6708, 24025, 6177605, 
11:46:01, 6915, 24025, 6177605, 
11:47:01, 6770, 24025, 6177605, 
11:48:01, 6848, 24025, 6177605, 
11:49:01, 7031, 24025, 6177605, 
11:50:01, 6673, 24025, 6177605, 
11:51:01, 6703, 24025, 6177605, 
11:52:01, 6826, 24025, 6177605, 
11:53:01, 6946, 24025, 6177605, 
11:54:01, 6935, 24025, 6177605, 
11:55:01, 7580, 24025, 6177605, 
11:56:01, 7566, 24025, 6177605, 
11:57:01, 7269, 24025, 6177605, 
11:58:01, 7112, 24025, 6177605, 
11:59:02, 7124, 24025, 6177605, 
12:00:01, 6988, 24025, 6177605, 
12:01:01, 6779, 24025, 6177605, 
12:02:01, 6778, 24025, 6177605, 
12:03:01, 6925, 24025, 6177605, 
12:04:01, 7137, 24025, 6177605, 
12:05:01, 7137, 24025, 6177605, 
12:06:01, 6242, 24025, 6177605, 
12:07:02, 6911, 24025, 6177605, 
12:08:01, 6911, 24025, 6177605, 
12:09:01, 7151, 24025, 6177605, 
12:10:01, 6928, 24025, 6177605, 
12:11:01, 6822, 24025, 6177605, 
12:12:01, 6773, 24025, 6177605, 
12:13:01, 6756, 24025, 6177605, 
12:14:01, 6756, 24025, 6177605, 
12:15:01, 6852, 24025, 6177605, 
12:16:01, 7046, 24025, 6177605, 
12:17:01, 7046, 24211, 6195781, 
12:18:01, 6986, 24211, 6195781, 
12:19:01, 7115, 24216, 6196359, 
12:20:01, 7279, 24216, 6196359, 
12:21:01, 7347, 24216, 6196359, 
12:22:01, 7046, 24216, 6196359, 
12:23:01, 7166, 24216, 6196359, 
12:24:01, 7052, 24216, 6196359, 
12:25:02, 7313, 24216, 6196359, 
12:26:01, 7249, 24216, 6196359, 
12:27:01, 7532, 24216, 6196359, 
12:28:01, 7456, 24216, 6196359, 
12:29:01, 7456, 24216, 6196359, 
12:30:01, 6987, 24216, 6196359, 
12:31:01, 6962, 24216, 6196359, 
12:32:01, 7102, 24216, 6196359, 
12:33:01, 7279, 24216, 6196359, 
12:34:01, 6977, 24216, 6196359, 
12:35:01, 6943, 24216, 6196359, 
12:36:01, 7594, 24216, 6196359, 
12:37:01, 7614, 24216, 6196359, 
12:38:01, 7515, 24216, 6196359, 
12:39:01, 7485, 24216, 6196359, 
12:40:01, 7174, 24216, 6196359, 
12:41:01, 7339, 24216, 6196359, 
12:42:01, 7470, 24216, 6196359, 
12:43:01, 7222, 24216, 6196359, 
12:44:01, 7404, 24317, 6196359, 
12:45:01, 7421, 24317, 6196359, 
12:46:01, 7282, 24317, 6196359, 
12:47:01, 7412, 24317, 6196359, 
12:48:01, 7540, 24317, 6196359, 
12:49:02, 8052, 24317, 6196359, 
12:50:01, 7713, 24317, 6196359, 
12:51:01, 7499, 24317, 6196359, 
12:52:01, 7645, 24317, 6196359, 
12:53:01, 7284, 24317, 6196359, 
12:54:01, 7433, 24317, 6196359, 
12:55:01, 7564, 24317, 6196359, 
12:56:01, 7323, 24317, 6196359, 
12:57:01, 7509, 24317, 6196359, 
12:58:01, 7164, 24317, 6196359, 
12:59:01, 7329, 24317, 6196359, 
13:00:01, 7322, 24317, 6196359, 
13:01:01, 7301, 24317, 6196359, 
13:02:01, 7030, 24317, 6196359, 
13:03:01, 7030, 24317, 6196359, 
13:04:01, 7072, 24317, 6196359, 
13:05:01, 6967, 24317, 6196359, 
13:06:01, 6685, 24317, 6196359, 
13:07:01, 6710, 24317, 6196359, 
13:08:01, 6852, 24317, 6196359, 
13:09:01, 6721, 24317, 6196359, 
13:10:01, 6690, 24317, 6196359, 
13:11:01, 6769, 24317, 6196359, 
13:12:01, 7270, 24317, 6196359, 
13:13:01, 7583, 24317, 6196359, 
13:14:01, 7442, 24317, 6196359, 
13:15:01, 7563, 24317, 6196359, 
13:16:01, 7563, 24317, 6196359, 
13:17:01, 7671, 24447, 6216497, 
13:18:01, 7691, 24454, 6216769, 
13:19:01, 7691, 24454, 6216769, 
13:20:01, 7614, 24454, 6216769, 
13:21:01, 7872, 24454, 6216769, 
13:22:01, 7841, 24454, 6216769, 
13:23:01, 7754, 24454, 6216769, 
13:24:01, 7754, 24454, 6216769, 
13:25:01, 7653, 24454, 6216769, 
13:26:01, 7625, 24454, 6216769, 
13:27:02, 7652, 24454, 6216769, 
13:28:01, 7603, 24454, 6216769, 
13:29:01, 7581, 24454, 6216769, 
13:30:01, 7616, 24454, 6216769, 
13:31:01, 7826, 24454, 6216769, 
13:32:01, 7953, 24454, 6216769, 
13:33:01, 7900, 24454, 6216769, 
13:34:01, 8153, 24454, 6216769, 
13:35:01, 8414, 24454, 6216769, 
13:36:01, 7896, 24454, 6216769, 
13:37:01, 7937, 24454, 6216769, 
13:38:01, 8266, 24454, 6216769, 
13:39:01, 8259, 24454, 6216769, 
13:40:02, 8390, 24454, 6216769, 
13:41:01, 8330, 24454, 6216769, 
13:42:01, 7914, 24454, 6216769, 
13:43:01, 7864, 24454, 6216769, 
13:44:01, 7864, 24454, 6216769, 
13:45:01, 7346, 24454, 6216769, 
13:46:01, 7427, 24454, 6216769, 
13:47:01, 7723, 24454, 6216769, 
13:48:01, 7464, 24454, 6216769, 
13:49:01, 7671, 24454, 6216769, 
13:50:01, 7809, 24454, 6216769, 
13:51:01, 7959, 24454, 6216769, 
13:52:01, 7788, 24454, 6216769, 
13:53:01, 7931, 24454, 6216769, 
13:54:01, 7894, 24454, 6216769, 
13:55:01, 8412, 24454, 6216769, 
13:56:01, 8724, 24454, 6216769, 
13:57:01, 8453, 24454, 6216769, 
13:58:01, 8172, 24454, 6216769, 
13:59:01, 8189, 24454, 6216769, 
14:00:01, 8694, 24454, 6216769, 
14:01:02, 8857, 24454, 6216769, 
14:02:01, 8933, 24454, 6216769, 
14:03:01, 8835, 24454, 6216769, 
14:04:01, 8492, 24454, 6216769, 
14:05:01, 8644, 24454, 6216769, 
14:06:01, 8831, 24454, 6216769, 
14:07:01, 8379, 24454, 6216769, 
14:08:01, 8379, 24454, 6216769, 
14:09:01, 8428, 24454, 6216769, 
14:10:01, -1, -1, -1, 
14:11:01, 7315, 24454, 6216769, 
14:12:01, 7315, 24454, 6216769, 
14:13:01, 8157, 24454, 6216769, 
14:14:01, 7923, 24454, 6216769, 
14:15:01, 7993, 24454, 6216769, 
14:16:01, 8068, 24454, 6216769, 
14:17:01, 7779, 24685, 6233420, 
14:18:01, 7620, 24685, 6233420, 
14:19:01, 7620, 24691, 6234150, 
14:20:01, 8117, 24691, 6234150, 
14:21:01, 8117, 24691, 6234150, 
14:22:02, 7927, 24691, 6234150, 
14:23:01, 7823, 24691, 6234150, 
14:24:01, 7611, 24691, 6234150, 
14:25:01, 7702, 24691, 6234150, 
14:26:01, 7955, 24691, 6234150, 
14:27:01, 7956, 24691, 6234150, 
14:28:01, 7816, 24691, 6234150, 
14:29:01, 7610, 24691, 6234150, 
14:30:01, 7523, 24691, 6234150, 
14:31:01, 7495, 24691, 6234150, 
14:32:01, 7557, 24691, 6234150, 
14:33:01, 7605, 24691, 6234150, 
14:34:01, 7966, 24691, 6234150, 
14:35:01, 7943, 24691, 6234150, 
14:36:01, 8007, 24691, 6234150, 
14:37:01, 7939, 24691, 6234150, 
14:38:01, 7618, 24691, 6234150, 
14:39:01, 7616, 24691, 6234150, 
14:40:01, 7654, 24691, 6234150, 
14:41:01, 7955, 24691, 6234150, 
14:42:01, 7940, 24691, 6234150, 
14:43:01, 7912, 24691, 6234150, 
14:44:01, 7690, 24691, 6234150, 
14:45:01, 7479, 24691, 6234150, 
14:46:01, 7479, 24691, 6234150, 
14:47:01, 7464, 24691, 6234150, 
14:48:01, 7568, 24691, 6234150, 
14:49:01, 7860, 24691, 6234150, 
14:50:01, 7188, 24691, 6234150, 
14:51:01, 7281, 24691, 6234150, 
14:52:01, 7706, 24691, 6234150, 
14:53:01, 7688, 24691, 6234150, 
14:54:01, 7623, 24691, 6234150, 
14:55:01, 7057, 24691, 6234150, 
14:56:01, 6979, 24691, 6234150, 
14:57:01, 7601, 24691, 6234150, 
14:58:01, 8018, 24691, 6234150, 
14:59:01, 6644, 24691, 6234150, 
15:00:01, 7258, 24691, 6234150, 
15:01:01, 7109, 24691, 6234150, 
15:02:01, 6985, 24691, 6234150, 
15:03:01, 6933, 24691, 6234150, 
15:04:01, 6806, 24691, 6234150, 
15:05:02, 6777, 24691, 6234150, 
15:06:01, 6759, 24691, 6234150, 
15:07:01, 6750, 24691, 6234150, 
15:08:01, 6743, 24691, 6234150, 
15:09:01, 6693, 24691, 6234150, 
15:10:01, 6671, 24691, 6234150, 
15:11:01, 6519, 24691, 6234150, 
15:12:01, 6500, 24691, 6234150, 
15:13:01, 6409, 24691, 6234150, 
15:14:01, 6370, 24691, 6234150, 
15:15:01, 6328, 24691, 6234150, 
15:16:01, 6282, 24691, 6234150, 
15:17:01, 6310, 24883, 6244773, 
15:18:01, 6310, 24883, 6244773, 
15:19:01, 6303, 24894, 6244939, 
15:20:01, 6301, 24894, 6244939, 
15:21:01, 6359, 24894, 6244939, 
15:22:01, 6330, 24894, 6244939, 
15:23:01, 6358, 24894, 6244939, 
15:24:01, 6387, 24894, 6244939, 
15:25:01, 6418, 24894, 6244939, 
15:26:01, 6392, 24894, 6244939, 
15:27:01, 6431, 24894, 6244939, 
15:28:01, 6449, 24894, 6244939, 
15:29:01, 6468, 24894, 6244939, 
15:30:01, 6432, 24894, 6244939, 
15:31:01, 6440, 24894, 6244939, 
15:32:01, 6436, 24894, 6244939, 
15:33:01, 6437, 24894, 6244939, 
15:34:01, 6494, 24894, 6244939, 
15:35:01, 6479, 24894, 6244939, 
15:36:01, 6318, 24894, 6244939, 
15:37:01, 6281, 24894, 6244939, 
15:38:02, 6275, 24894, 6244939, 
15:39:01, 6262, 24894, 6244939, 
15:40:01, 6186, 24894, 6244939, 
15:41:01, 6181, 24894, 6244939, 
15:42:01, 6167, 24894, 6244939, 
15:43:01, 6119, 24894, 6244939, 
15:44:01, 6123, 24894, 6244939, 
15:45:01, 6163, 24894, 6244939, 
15:46:01, 6185, 24894, 6244939, 
15:47:01, 6186, 24894, 6244939, 
15:48:01, 6199, 24894, 6244939, 
15:49:01, 6257, 24894, 6244939, 
15:50:01, 6307, 24894, 6244939, 
15:51:01, 6341, 24894, 6244939, 
15:52:01, 6301, 24894, 6244939, 
15:53:01, 6325, 24894, 6244939, 
15:54:01, 6303, 24894, 6244939, 
15:55:02, 6282, 24894, 6244939, 
15:56:01, 6325, 24894, 6244939, 
15:57:01, 6335, 24894, 6244939, 
15:58:01, 6314, 24894, 6244939, 
15:59:01, 6340, 24894, 6244939, 
16:00:01, 6369, 24894, 6244939, 
16:01:01, 6395, 24894, 6244939, 
16:02:01, 6399, 24894, 6244939, 
16:03:01, 6384, 24894, 6244939, 
16:04:01, 6462, 24894, 6244939, 
16:05:01, 6745, 24894, 6244939, 
16:06:01, 6745, 24894, 6244939, 
16:07:01, 6113, 24894, 6244939, 
16:08:02, 6235, 24894, 6244939, 
16:09:01, 6413, 24894, 6244939, 
16:10:01, 6445, 24894, 6244939, 
16:11:01, 5758, 24894, 6244939, 
16:12:01, 6773, 24894, 6244939, 
16:13:01, 6604, 24894, 6244939, 
16:14:01, 5594, 24894, 6244939, 
16:15:01, 6412, 24894, 6244939, 
16:16:01, 6173, 24894, 6244939, 
16:17:01, 6173, 25063, 6251600, 
16:18:01, 6495, 25063, 6251600, 
16:19:01, 6647, 25071, 6252192, 
16:20:01, 6937, 25071, 6252192, 
16:21:01, 7126, 25071, 6252192, 
16:22:01, 6965, 25071, 6252192, 
16:23:01, 6517, 25071, 6252192, 
16:24:01, 7599, 25071, 6252192, 
16:25:01, 7515, 25071, 6252192, 
16:26:01, 6903, 25071, 6252192, 
16:27:01, 6903, 25071, 6252192, 
16:28:01, 7155, 25071, 6252192, 
16:29:01, 7448, 25071, 6252192, 
16:30:02, 7372, 25071, 6252192, 
16:31:01, 7486, 25071, 6252192, 
16:32:01, 7547, 25071, 6252192, 
16:33:01, 7445, 25071, 6252192, 
16:34:01, 7445, 25071, 6252192, 
16:35:01, 7659, 25071, 6252192, 
16:36:01, 7737, 25071, 6252192, 
16:37:01, 7319, 25071, 6252192, 
16:38:01, 7222, 25071, 6252192, 
16:39:01, 7151, 25071, 6252192, 
16:40:01, 7143, 25071, 6252192, 
16:41:01, 7179, 25071, 6252192, 
16:42:01, 7178, 25071, 6252192, 
16:43:01, 7692, 25071, 6252192, 
16:44:01, 7616, 25071, 6252192, 
16:45:01, 7436, 25071, 6252192, 
16:46:01, 7509, 25071, 6252192, 
16:47:01, 7683, 25071, 6252192, 
16:48:01, 7600, 25071, 6252192, 
16:49:01, 7687, 25071, 6252192, 
16:50:01, 7994, 25071, 6252192, 
16:51:01, 8389, 25071, 6252192, 
16:52:01, 8229, 25071, 6252192, 
16:53:01, 8092, 25071, 6252192, 
16:54:01, 8258, 25071, 6252192, 
16:55:01, 8371, 25071, 6252192, 
16:56:01, 8314, 25071, 6252192, 
16:57:01, 8314, 25071, 6252192, 
16:58:01, 8617, 25071, 6252192, 
16:59:01, 8065, 25071, 6252192, 
17:00:01, 7888, 25071, 6252192, 
17:01:01, 8079, 25227, 6252192, 
17:02:01, 6580, 25227, 6252192, 
17:03:01, 6483, 25227, 6252192, 
17:04:01, 6429, 25227, 6252192, 
17:05:01, 7399, 25227, 6252192, 
17:06:01, 7152, 25227, 6252192, 
17:07:01, 6846, 25227, 6252192, 
17:08:01, 6828, 25227, 6252192, 
17:09:01, 7567, 25227, 6252192, 
17:10:01, 7567, 25227, 6252192, 
17:11:01, 7629, 25227, 6252192, 
17:12:01, 7421, 25227, 6252192, 
17:13:01, 7236, 25227, 6252192, 
17:14:01, 7893, 25227, 6252192, 
17:15:01, 8159, 25227, 6252192, 
17:16:01, 8474, 25227, 6252192, 
17:17:01, 7548, 25290, 6272164, 
17:18:01, 7333, 25295, 6272642, 
17:19:01, 8649, 25295, 6272642, 
17:20:01, 8112, 25295, 6272642, 
17:21:01, 8316, 25295, 6272642, 
17:22:01, 8777, 25295, 6272642, 
17:23:01, 9029, 25295, 6272642, 
17:24:01, 9029, 25295, 6272642, 
17:25:01, 8878, 25295, 6272642, 
17:26:01, 9250, 25295, 6272642, 
17:27:01, 9250, 25295, 6272642, 
17:28:02, 9290, 25295, 6272642, 
17:29:01, 9206, 25295, 6272642, 
17:30:01, 9427, 25295, 6272642, 
17:31:01, 9294, 25295, 6272642, 
17:32:01, 9353, 25295, 6272642, 
17:33:01, 9780, 25295, 6272642, 
17:34:01, 9426, 25295, 6272642, 
17:35:02, 9589, 25295, 6272642, 
17:36:01, 10190, 25295, 6272642, 
17:37:01, 10274, 25295, 6272642, 
17:38:01, 10348, 25295, 6272642, 
17:39:01, 9954, 25295, 6272642, 
17:40:01, 9977, 25295, 6272642, 
17:41:01, 9689, 25295, 6272642, 
17:42:01, 9898, 25295, 6272642, 
17:43:01, 10671, 25295, 6272642, 
17:44:01, 10989, 25295, 6272642, 
17:45:01, 10066, 25295, 6272642, 
17:46:01, 9710, 25295, 6272642, 
17:47:01, 7926, 25295, 6272642, 
17:48:01, 7292, 25295, 6272642, 
17:49:01, 7076, 25295, 6272642, 
17:50:01, 6872, 25295, 6272642, 
17:51:01, 6863, 25295, 6272642, 
17:52:01, 7013, 25295, 6272642, 
17:53:01, 6783, 25295, 6272642, 
17:54:01, 6920, 25295, 6272642, 
17:55:01, 6825, 25295, 6272642, 
17:56:01, 8125, 25295, 6272642, 
17:57:01, 6849, 25295, 6272642, 
17:58:01, 6876, 25295, 6272642, 
17:59:01, 8121, 25295, 6272642, 
18:00:01, 8059, 25295, 6272642, 
18:01:01, 8186, 25295, 6272642, 
18:02:01, 6960, 25295, 6272642, 
18:03:01, 6846, 25295, 6272642, 
18:04:01, 6846, 25295, 6272642, 
18:05:01, 8336, 25295, 6272642, 
18:06:01, 7919, 25295, 6272642, 
18:07:01, 8103, 25295, 6272642, 
18:08:01, 8328, 25295, 6272642, 
18:09:01, 8226, 25295, 6272642, 
18:10:01, 8448, 25295, 6272642, 
18:11:01, 8555, 25295, 6272642, 
18:12:01, 8364, 25295, 6272642, 
18:13:01, 8538, 25295, 6272642, 
18:14:01, 8753, 25295, 6272642, 
18:15:01, 8655, 25295, 6272642, 
18:16:01, 8862, 25295, 6272642, 
18:17:01, 8640, 25531, 6298803, 
18:18:01, 8515, 25535, 6299457, 
18:19:01, 9054, 25535, 6299457, 
18:20:01, 8989, 25540, 6299457, 
18:21:01, 8751, 25540, 6299457, 
18:22:01, 8815, 25540, 6299457, 
18:23:02, 8744, 25540, 6299457, 
18:24:01, 8300, 25540, 6299457, 
18:25:01, 9442, 25540, 6299457, 
18:26:01, 9245, 25540, 6299457, 
18:27:01, 8652, 25540, 6299457, 
18:28:01, 8776, 25540, 6299457, 
18:29:01, 8623, 25540, 6299457, 
18:30:01, 8272, 25540, 6299457, 
18:31:01, 8410, 25540, 6299457, 
18:32:01, 8679, 25540, 6299457, 
18:33:01, 8516, 25540, 6299457, 
18:34:01, 8589, 25540, 6299457, 
18:35:01, 8596, 25540, 6299457, 
18:36:01, 8617, 25540, 6299457, 
18:37:01, 8290, 25540, 6299457, 
18:38:01, 8634, 25540, 6299457, 
18:39:01, 8996, 25540, 6299457, 
18:40:02, 8675, 25540, 6299457, 
18:41:01, 8400, 25540, 6299457, 
18:42:01, 8645, 25540, 6299457, 
18:43:01, 8916, 25540, 6299457, 
18:44:01, 9282, 25540, 6299457, 
18:45:01, 8861, 25540, 6299457, 
18:46:01, 8811, 25540, 6299457, 
18:47:01, 8742, 25540, 6299457, 
18:48:02, 8522, 25540, 6299457, 
18:49:01, 8426, 25540, 6299457, 
18:50:01, 8364, 25540, 6299457, 
18:51:01, 8829, 25540, 6299457, 
18:52:01, 8829, 25540, 6299457, 
18:53:01, 8285, 25540, 6299457, 
18:54:01, 8168, 25540, 6299457, 
18:55:01, 8510, 25540, 6299457, 
18:56:01, 8525, 25540, 6299457, 
18:57:01, 8315, 25540, 6299457, 
18:58:01, 8263, 25540, 6299457, 
18:59:01, 7792, 25540, 6299457, 
19:00:01, 7709, 25540, 6299457, 
19:01:01, 8305, 25540, 6299457, 
19:02:01, 8206, 25540, 6299457, 
19:03:01, 8023, 25540, 6299457, 
19:04:01, 7813, 25540, 6299457, 
19:05:01, 7820, 25540, 6299457, 
19:06:01, 7842, 25540, 6299457, 
19:07:01, 8189, 25540, 6299457, 
19:08:01, 8189, 25540, 6299457, 
19:09:01, 8457, 25540, 6299457, 
19:10:01, 8180, 25540, 6299457, 
19:11:01, 8180, 25540, 6299457, 
19:12:01, 8110, 25540, 6299457, 
19:13:01, 8081, 25540, 6299457, 
19:14:01, 8369, 25540, 6299457, 
19:15:01, 8369, 25540, 6299457, 
19:16:01, 8684, 25540, 6299457, 
19:17:01, 8843, 25690, 6315314, 
19:18:01, 8051, 25697, 6315433, 
19:19:01, 7944, 25697, 6315433, 
19:20:01, 8047, 25697, 6315433, 
19:21:01, 8047, 25697, 6315433, 
19:22:01, 7183, 25697, 6315433, 
19:23:02, 7091, 25697, 6315433, 
19:24:01, 6823, 25697, 6315433, 
19:25:01, 6489, 25697, 6315433, 
19:26:01, 6337, 25697, 6315433, 
19:27:01, 6298, 25697, 6315433, 
19:28:02, 6197, 25697, 6315433, 
19:29:01, 6515, 25697, 6315433, 
19:30:01, 6572, 25697, 6315433, 
19:31:01, 6397, 25697, 6315433, 
19:32:01, 6309, 25697, 6315433, 
19:33:01, 6203, 25697, 6315433, 
19:34:01, 6479, 25697, 6315433, 
19:35:01, 6161, 25697, 6315433, 
19:36:01, 6141, 25697, 6315433, 
19:37:01, 6145, 25697, 6315433, 
19:38:01, 6548, 25697, 6315433, 
19:39:01, 6440, 25697, 6315433, 
19:40:01, 6461, 25697, 6315433, 
19:41:02, 6816, 25697, 6315433, 
19:42:01, 7213, 25697, 6315433, 
19:43:01, 6564, 25697, 6315433, 
19:44:01, 6481, 25697, 6315433, 
19:45:01, 6442, 25697, 6315433, 
19:46:01, 7271, 25697, 6315433, 
19:47:01, 7271, 25762, 6315433, 
19:48:01, 6724, 25762, 6315433, 
19:49:01, 7322, 25762, 6315433, 
19:50:01, 7058, 25762, 6315433, 
19:51:02, 6709, 25762, 6315433, 
19:52:01, 6636, 25762, 6315433, 
19:53:01, 6618, 25762, 6315433, 
19:54:01, 6618, 25762, 6315433, 
19:55:01, 7554, 25762, 6315433, 
19:56:01, 6995, 25762, 6315433, 
19:57:01, 6663, 25762, 6315433, 
19:58:01, 6637, 25762, 6315433, 
19:59:01, 6638, 25762, 6315433, 
20:00:01, 6575, 25762, 6315433, 
20:01:01, 6591, 25762, 6315433, 
20:02:01, 6617, 25762, 6315433, 
20:03:01, 6603, 25762, 6315433, 
20:04:01, 6815, 25762, 6315433, 
20:05:01, 7105, 25762, 6315433, 
20:06:01, 7090, 25762, 6315433, 
20:07:01, 7056, 25762, 6315433, 
20:08:01, 6448, 25762, 6315433, 
20:09:01, 6377, 25762, 6315433, 
20:10:01, 6377, 25762, 6315433, 
20:11:01, 6365, 25762, 6315433, 
20:12:01, 6400, 25762, 6315433, 
20:13:01, 6408, 25762, 6315433, 
20:14:01, 6386, 25762, 6315433, 
20:15:01, 6646, 25762, 6315433, 
20:16:01, 6701, 25859, 6325198, 
20:17:01, 6458, 25862, 6325470, 
20:18:01, 6973, 25862, 6325470, 
20:19:01, 7180, 25862, 6325470, 
20:20:01, 6726, 25862, 6325470, 
20:21:01, 6719, 25862, 6325470, 
20:22:01, 7079, 25862, 6325470, 
20:23:01, 7496, 25862, 6325470, 
20:24:01, 7127, 25862, 6325470, 
20:25:01, 6995, 25862, 6325470, 
20:26:01, 7003, 25862, 6325470, 
20:27:01, 7000, 25862, 6325470, 
20:28:01, 7115, 25862, 6325470, 
20:29:01, 7130, 25862, 6325470, 
20:30:02, 7130, 25862, 6325470, 
20:31:01, 7392, 25862, 6325470, 
20:32:01, 7437, 25862, 6325470, 
20:33:01, 7396, 25862, 6325470, 
20:34:01, -1, -1, -1, 
20:35:01, 8063, 25862, 6325470, 
20:36:01, 7848, 25862, 6325470, 
20:37:01, 7485, 25862, 6325470, 
20:38:01, 7596, 25862, 6325470, 
20:39:01, 7729, 25862, 6325470, 
20:40:01, 7405, 25862, 6325470, 
20:41:01, 7370, 25862, 6325470, 
20:42:01, 7418, 25862, 6325470, 
20:43:01, 7471, 25862, 6325470, 
20:44:01, 8066, 25862, 6325470, 
20:45:02, 8280, 25862, 6325470, 
20:46:01, 7806, 25862, 6325470, 
20:47:01, 7951, 25862, 6325470, 
20:48:01, 7804, 25862, 6325470, 
20:49:01, 7838, 25862, 6325470, 
20:50:01, 7987, 25862, 6325470, 
20:51:01, 7886, 25862, 6325470, 
20:52:01, 7942, 25862, 6325470, 
20:53:01, 8082, 25862, 6325470, 
20:54:01, 7830, 25862, 6325470, 
20:55:01, 7852, 25862, 6325470, 
20:56:01, 8095, 25862, 6325470, 
20:57:01, 8055, 25862, 6325470, 
20:58:01, 7992, 25862, 6325470, 
20:59:01, 7932, 25862, 6325470, 
21:00:01, 7928, 25862, 6325470, 
21:01:01, 7871, 25862, 6325470, 
21:02:01, 8033, 25862, 6325470, 
21:03:01, 8033, 25862, 6325470, 
21:04:01, 8844, 25862, 6325470, 
21:05:01, 8844, 25862, 6325470, 
21:06:01, 8704, 25862, 6325470, 
21:07:01, 8525, 25862, 6325470, 
21:08:01, 8447, 25862, 6325470, 
21:09:01, 8447, 25862, 6325470, 
21:10:01, 8527, 25862, 6325470, 
21:11:01, 8536, 25862, 6325470, 
21:12:01, 8536, 25862, 6325470, 
21:13:01, 9089, 25862, 6325470, 
21:14:01, 8773, 25862, 6325470, 
21:15:01, 8740, 25862, 6325470, 
21:16:01, 8558, 25862, 6325470, 
21:17:01, 8362, 26036, 6333986, 
21:18:01, 8468, 26036, 6333986, 
21:19:01, 8452, 26036, 6333986, 
21:20:01, 8563, 26036, 6333986, 
21:21:01, 8684, 26036, 6333986, 
21:22:01, 8453, 26036, 6333986, 
21:23:01, 8728, 26036, 6333986, 
21:24:01, 8834, 26036, 6333986, 
21:25:01, 8893, 26036, 6333986, 
21:26:02, 8893, 26036, 6333986, 
21:27:01, 8849, 26036, 6333986, 
21:28:01, 8453, 26036, 6333986, 
21:29:01, 8624, 26036, 6333986, 
21:30:01, 8624, 26036, 6333986, 
21:31:01, 9056, 26036, 6333986, 
21:32:01, 9014, 26036, 6333986, 
21:33:01, 8389, 26036, 6333986, 
21:34:01, 8410, 26036, 6333986, 
21:35:01, 8581, 26036, 6333986, 
21:36:01, 7973, 26036, 6333986, 
21:37:01, 7973, 26036, 6333986, 
21:38:01, 7650, 26036, 6333986, 
21:39:01, 7497, 26036, 6333986, 
21:40:01, 7431, 26036, 6333986, 
21:41:01, 7471, 26036, 6333986, 
21:42:01, 7770, 26036, 6333986, 
21:43:01, 7967, 26036, 6333986, 
21:44:01, 7335, 26036, 6333986, 
21:45:01, 7391, 26036, 6333986, 
21:46:01, 7927, 26036, 6333986, 
21:47:01, 7774, 26036, 6333986, 
21:48:01, 7204, 26036, 6333986, 
21:49:02, 7164, 26036, 6333986, 
21:50:01, 7491, 26036, 6333986, 
21:51:01, 7469, 26036, 6333986, 
21:52:01, 7586, 26036, 6333986, 
21:53:01, 7586, 26036, 6333986, 
21:54:01, 7735, 26036, 6333986, 
21:55:01, 7608, 26036, 6333986, 
21:56:01, 7601, 26036, 6333986, 
21:57:01, 7588, 26036, 6333986, 
21:58:01, 8176, 26036, 6333986, 
21:59:01, 7808, 26036, 6333986, 
22:00:02, 7814, 26036, 6333986, 
22:01:01, 7727, 26036, 6333986, 
22:02:01, 7422, 26036, 6333986, 
22:03:01, 7044, 26036, 6333986, 
22:04:02, 6966, 26036, 6333986, 
22:05:01, 6922, 26036, 6333986, 
22:06:01, 6898, 26036, 6333986, 
22:07:01, 7367, 26036, 6333986, 
22:08:01, 7338, 26036, 6333986, 
22:09:01, 7170, 26036, 6333986, 
22:10:01, 7369, 26036, 6333986, 
22:11:01, 7523, 26036, 6333986, 
22:12:01, 7674, 26036, 6333986, 
22:13:01, 7246, 26036, 6333986, 
22:14:01, 7092, 26036, 6333986, 
22:15:01, 7092, 26036, 6333986, 
22:16:01, 7746, 26219, 6344408, 
22:17:01, 7701, 26222, 6344588, 
22:18:01, 7701, 26222, 6344588, 
22:19:01, 7649, 26222, 6344588, 
22:20:01, 7309, 26222, 6344588, 
22:21:01, 7246, 26222, 6344588, 
22:22:01, 7518, 26222, 6344588, 
22:23:01, 7166, 26222, 6344588, 
22:24:02, 7088, 26222, 6344588, 
22:25:01, 7125, 26222, 6344588, 
22:26:01, 7686, 26222, 6344588, 
22:27:01, 7502, 26222, 6344588, 
22:28:01, 7588, 26222, 6344588, 
22:29:02, 7977, 26222, 6344588, 
22:30:01, 7977, 26222, 6344588, 
22:31:01, 7926, 26222, 6344588, 
22:32:01, 8153, 26222, 6344588, 
22:33:01, 8819, 26222, 6344588, 
22:34:02, 9006, 26222, 6344588, 
22:35:01, 9100, 26222, 6344588, 
22:36:01, 8573, 26222, 6344588, 
22:37:01, 8510, 26222, 6344588, 
22:38:01, 8851, 26222, 6344588, 
22:39:01, 8725, 26222, 6344588, 
22:40:01, 8725, 26222, 6344588, 
22:41:01, 8499, 26222, 6344588, 
22:42:01, 8551, 26222, 6344588, 
22:43:01, 8770, 26222, 6344588, 
22:44:01, 9090, 26222, 6344588, 
22:45:01, 9149, 26222, 6344588, 
22:46:01, 9011, 26222, 6344588, 
22:47:01, 8911, 26222, 6344588, 
22:48:01, 8921, 26222, 6344588, 
22:49:01, 8945, 26222, 6344588, 
22:50:01, 9363, 26222, 6344588, 
22:51:01, 9363, 26222, 6344588, 
22:52:01, 8641, 26222, 6344588, 
22:53:01, 8598, 26222, 6344588, 
22:54:01, 8725, 26222, 6344588, 
22:55:01, 8981, 26222, 6344588, 
22:56:01, 8981, 26222, 6344588, 
22:57:01, 9383, 26222, 6344588, 
22:58:01, 9153, 26222, 6344588, 
22:59:01, 9102, 26222, 6344588, 
23:00:01, 8876, 26222, 6344588, 
23:01:01, 9129, 26222, 6344588, 
23:02:01, 9405, 26222, 6344588, 
23:03:01, 9514, 26222, 6344588, 
23:04:01, 9584, 26222, 6344588, 
23:05:01, 9584, 26222, 6344588, 
23:06:01, 9426, 26222, 6344588, 
23:07:01, 9424, 26222, 6344588, 
23:08:01, 9204, 26222, 6344588, 
23:09:01, 9111, 26222, 6344588, 
23:10:01, 9177, 26222, 6344588, 
23:11:01, 9705, 26222, 6344588, 
23:12:01, 9747, 26222, 6344588, 
23:13:01, 9528, 26222, 6344588, 
23:14:01, 9534, 26222, 6344588, 
23:15:01, 9975, 26222, 6344588, 
23:16:01, 9988, 26440, 6355442, 
23:17:01, 9880, 26442, 6355693, 
23:18:01, 10172, 26442, 6355693, 
23:19:01, 9901, 26442, 6355693, 
23:20:01, 9758, 26442, 6355693, 
23:21:01, 9785, 26442, 6355693, 
23:22:01, 10304, 26442, 6355693, 
23:23:01, 10300, 26442, 6355693, 
23:24:01, 10139, 26442, 6355693, 
23:25:01, 10090, 26442, 6355693, 
23:26:01, 10088, 26442, 6355693, 
23:27:01, 9780, 26442, 6355693, 
23:28:01, 9616, 26442, 6355693, 
23:29:02, 9607, 26442, 6355693, 
23:30:01, 9578, 26442, 6355693, 
23:31:01, 9676, 26442, 6355693, 
23:32:01, 9718, 26442, 6355693, 
23:33:01, 10157, 26442, 6355693, 
23:34:01, 9801, 26442, 6355693, 
23:35:01, 10104, 26442, 6355693, 
23:36:01, 10137, 26442, 6355693, 
23:37:01, 10106, 26442, 6355693, 
23:38:01, 9998, 26442, 6355693, 
23:39:01, 10087, 26442, 6355693, 
23:40:01, 10420, 26442, 6355693, 
23:41:01, 10252, 26442, 6355693, 
23:42:01, 9869, 26442, 6355693, 
23:43:01, 9870, 26442, 6355693, 
23:44:01, 9710, 26442, 6355693, 
23:45:01, 9460, 26442, 6355693, 
23:46:01, 9653, 26442, 6355693, 
23:47:01, 9815, 26442, 6355693, 
23:48:01, 9965, 26442, 6355693, 
23:49:01, 9965, 26442, 6355693, 
23:50:01, 10447, 26442, 6355693, 
23:51:01, 10147, 26442, 6355693, 
23:52:01, 10649, 26442, 6355693, 
23:53:01, 10617, 26442, 6355693, 
23:54:01, 10854, 26442, 6355693, 
23:55:01, 11195, 26442, 6355693, 
23:56:02, 10757, 26442, 6355693, 
23:57:02, 10883, 26442, 6355693, 
23:58:01, 10231, 26442, 6355693, 
23:59:02, 10093, 26442, 6355693, 
00:00:01, 10709, 26442, 6355693, 
00:01:03, 10813, 26442, 6355693, 
00:02:01, 11121, 26442, 6355693, 
00:03:01, 11352, 26442, 6355693, 
00:04:01, 11370, 26442, 6355693, 
00:05:01, 11373, 26442, 6355693, 
00:06:01, 11439, 26442, 6355693, 
00:07:01, 11439, 26442, 6355693, 
00:08:01, 11671, 26442, 6355693, 
00:09:02, 11700, 26442, 6355693, 
00:10:01, 11696, 26442, 6355693, 
00:11:01, 11737, 26442, 6355693, 
00:12:01, 11780, 26442, 6355693, 
00:13:01, 11739, 26442, 6355693, 
00:14:01, 11739, 26442, 6355693, 
00:15:01, 11525, 26442, 6355693, 
00:16:01, 11754, 26650, 6373734, 
00:17:01, 9614, 26657, 6374020, 
00:18:01, 7890, 26657, 6374020, 
00:19:01, 7573, 26657, 6374020, 
00:20:01, 7225, 26657, 6374020, 
00:21:01, 7225, 26657, 6374020, 
00:22:01, 7163, 26657, 6374020, 
00:23:01, 6929, 26657, 6374020, 
00:24:02, 6913, 26657, 6374020, 
00:25:01, 8035, 26657, 6374020, 
00:26:01, 8016, 26657, 6374020, 
00:27:01, 6784, 26657, 6374020, 
00:28:01, 6702, 26657, 6374020, 
00:29:01, 6656, 26657, 6374020, 
00:30:01, 6689, 26657, 6374020, 
00:31:01, 6600, 26657, 6374020, 
00:32:01, 6588, 26657, 6374020, 
00:33:01, 6554, 26657, 6374020, 
00:34:01, 6484, 26657, 6374020, 
00:35:01, 7733, 26657, 6374020, 
00:36:01, 6390, 26657, 6374020, 
00:37:01, 7642, 26657, 6374020, 
00:38:01, 7614, 26657, 6374020, 
00:39:01, 7717, 26657, 6374020, 
00:40:01, 7739, 26657, 6374020, 
00:41:01, 7714, 26657, 6374020, 
00:42:01, 7714, 26657, 6374020, 
00:43:01, 7733, 26657, 6374020, 
00:44:01, 7618, 26657, 6374020, 
00:45:01, 7640, 26657, 6374020, 
00:46:01, 7662, 26657, 6374020, 
00:47:01, 7722, 26657, 6374020, 
00:48:01, 7617, 26657, 6374020, 
00:49:01, 6295, 26657, 6374020, 
00:50:01, 7444, 26657, 6374020, 
00:51:01, 7361, 26657, 6374020, 
00:52:01, 7374, 26657, 6374020, 
00:53:01, 7471, 26657, 6374020, 
00:54:01, 6186, 26657, 6374020, 
00:55:01, 6186, 26657, 6374020, 
00:56:01, 5957, 26657, 6374020, 
00:57:01, 5855, 26657, 6374020, 
00:58:01, 6860, 26657, 6374020, 
00:59:01, 6836, 26657, 6374020, 
01:00:01, 6872, 26657, 6374020, 
01:01:01, 6893, 26657, 6374020, 
01:02:01, 6893, 26657, 6374020, 
01:03:01, 6563, 26657, 6374020, 
01:04:01, 6558, 26657, 6374020, 
01:05:01, 6602, 26657, 6374020, 
01:06:01, 5489, 26657, 6374020, 
01:07:01, 5417, 26657, 6374020, 
01:08:01, 6499, 26657, 6374020, 
01:09:01, 6499, 26657, 6374020, 
01:10:01, 6494, 26657, 6374020, 
01:11:01, 6494, 26657, 6374020, 
01:12:01, 6454, 26657, 6374020, 
01:13:01, 5293, 26657, 6374020, 
01:14:01, 5280, 26657, 6374020, 
01:15:01, 5223, 26657, 6374020, 
01:16:01, 5202, 26801, 6397001, 
01:17:01, 5194, 26801, 6397001, 
01:18:01, 5224, 26801, 6397001, 
01:19:01, 5197, 26801, 6397001, 
01:20:01, 6246, 26801, 6397001, 
01:21:01, 6329, 26801, 6397001, 
01:22:01, 6379, 26801, 6397001, 
01:23:01, 5281, 26801, 6397001, 
01:24:01, 5303, 26801, 6397001, 
01:25:01, 5293, 26801, 6397001, 
01:26:01, 6344, 26801, 6397001, 
01:27:01, 5234, 26801, 6397001, 
01:28:01, 5062, 26801, 6397001, 
01:29:01, 6075, 26801, 6397001, 
01:30:01, 5033, 26801, 6397001, 
01:31:01, 5033, 26801, 6397001, 
01:32:01, 4984, 26801, 6397001, 
01:33:01, 5897, 26801, 6397001, 
01:34:01, 5898, 26801, 6397001, 
01:35:01, 5913, 26801, 6397001, 
01:36:01, 4838, 26801, 6397001, 
01:37:01, 5738, 26801, 6397001, 
01:38:01, 4881, 26801, 6397001, 
01:39:01, 4807, 26801, 6397001, 
01:40:01, 4807, 26801, 6397001, 
01:41:02, 5739, 26801, 6397001, 
01:42:01, 5752, 26801, 6397001, 
01:43:01, 4699, 26801, 6397001, 
01:44:01, 5553, 26801, 6397001, 
01:45:01, 5634, 26801, 6397001, 
01:46:01, 5634, 26801, 6397001, 
01:47:01, 5548, 26801, 6397001, 
01:48:01, 5553, 26801, 6397001, 
01:49:01, 4637, 26801, 6397001, 
01:50:01, -1, -1, -1, 
01:51:01, -1, -1, -1, 
